{"images": [{"imagefile": "0001.png", "location": [1.5167877674102783, -3.668308734893799, 11.87526798248291], "rotation": [-0.01987324096262455, -0.020114649087190628, 0.7110788822174072, 0.7025434970855713], "M3x4": [[-0.01207555178552866, -0.9999271631240845, 5.211475340161087e-08, 3.6863582134246826], [0.9983282089233398, -0.012056244537234306, -0.05652983859181404, -2.1413331031799316], [0.056525714695453644, -0.0006825719610787928, 0.9984009265899658, 11.77304458618164]]}, {"imagefile": "0002.png", "location": [1.5167877674102783, -2.6025524139404297, 11.87526798248291], "rotation": [-0.01987324096262455, -0.020114649087190628, 0.7110788822174072, 0.7025434970855713], "M3x4": [[-0.01207555178552866, -0.9999271631240845, 5.211475340161087e-08, 2.6206796169281006], [0.9983282089233398, -0.012056244537234306, -0.05652983859181404, -2.154181957244873], [0.056525714695453644, -0.0006825719610787928, 0.9984009265899658, 11.772316932678223]]}, {"imagefile": "0003.png", "location": [1.5167877674102783, -0.2578883171081543, 11.87526798248291], "rotation": [-0.01987324096262455, -0.020114649087190628, 0.7110788822174072, 0.7025434970855713], "M3x4": [[-0.01207555178552866, -0.9999271631240845, 5.211475340161087e-08, 0.2761861979961395], [0.9983282089233398, -0.012056244537234306, -0.05652983859181404, -2.1824498176574707], [0.056525714695453644, -0.0006825719610787928, 0.9984009265899658, 11.770716667175293]]}, {"imagefile": "0004.png", "location": [1.5167877674102783, 2.086775779724121, 11.87526798248291], "rotation": [-0.01987324096262455, -0.020114649087190628, 0.7110788822174072, 0.7025434970855713], "M3x4": [[-0.01207555178552866, -0.9999271631240845, 5.211475340161087e-08, -2.0683069229125977], [0.9983282089233398, -0.012056244537234306, -0.05652983859181404, -2.2107176780700684], [0.056525714695453644, -0.0006825719610787928, 0.9984009265899658, 11.769116401672363]]}, {"imagefile": "0005.png", "location": [1.5167877674102783, 3.1525321006774902, 11.87526798248291], "rotation": [-0.01987324096262455, -0.020114649087190628, 0.7110788822174072, 0.7025434970855713], "M3x4": [[-0.01207555178552866, -0.9999271631240845, 5.211475340161087e-08, -3.133985757827759], [0.9983282089233398, -0.012056244537234306, -0.05652983859181404, -2.223566770553589], [0.056525714695453644, -0.0006825719610787928, 0.9984009265899658, 11.768388748168945]]}, {"imagefile": "0006.png", "location": [0.9975578784942627, 3.1525321006774902, 11.87526798248291], "rotation": [-0.01987324096262455, -0.020114649087190628, 0.7110788822174072, 0.7025434970855713], "M3x4": [[-0.01207555178552866, -0.9999271631240845, 5.211475340161087e-08, -3.140255928039551], [0.9983282089233398, -0.012056244537234306, -0.05652983859181404, -1.7052048444747925], [0.056525714695453644, -0.0006825719610787928, 0.9984009265899658, 11.797739028930664]]}, {"imagefile": "0007.png", "location": [-0.24060559272766113, 3.1525321006774902, 11.87526798248291], "rotation": [-0.01987324096262455, -0.020114649087190628, 0.7110788822174072, 0.7025434970855713], "M3x4": [[-0.01207555178552866, -0.9999271631240845, 5.211475340161087e-08, -3.155207395553589], [0.9983282089233398, -0.012056244537234306, -0.05652983859181404, -0.4691113233566284], [0.056525714695453644, -0.0006825719610787928, 0.9984009265899658, 11.867727279663086]]}, {"imagefile": "0008.png", "location": [-1.7184131145477295, 3.1525321006774902, 11.87526798248291], "rotation": [-0.01987324096262455, -0.020114649087190628, 0.7110788822174072, 0.7025434970855713], "M3x4": [[-0.01207555178552866, -0.9999271631240845, 5.211475340161087e-08, -3.1730527877807617], [0.9983282089233398, -0.012056244537234306, -0.05652983859181404, 1.0062255859375], [0.056525714695453644, -0.0006825719610787928, 0.9984009265899658, 11.951261520385742]]}, {"imagefile": "0009.png", "location": [-2.9565773010253906, 3.1525321006774902, 11.87526798248291], "rotation": [-0.01987324096262455, -0.020114649087190628, 0.7110788822174072, 0.7025434970855713], "M3x4": [[-0.01207555178552866, -0.9999271631240845, 5.211475340161087e-08, -3.1880042552948], [0.9983282089233398, -0.012056244537234306, -0.05652983859181404, 2.2423198223114014], [0.056525714695453644, -0.0006825719610787928, 0.9984009265899658, 12.021248817443848]]}, {"imagefile": "0010.png", "location": [-3.4758059978485107, 3.1525321006774902, 11.87526798248291], "rotation": [-0.01987324096262455, -0.020114649087190628, 0.7110788822174072, 0.7025434970855713], "M3x4": [[-0.01207555178552866, -0.9999271631240845, 5.211475340161087e-08, -3.1942741870880127], [0.9983282089233398, -0.012056244537234306, -0.05652983859181404, 2.760680675506592], [0.056525714695453644, -0.0006825719610787928, 0.9984009265899658, 12.050599098205566]]}, {"imagefile": "0011.png", "location": [-3.4758059978485107, 2.4678828716278076, 11.87526798248291], "rotation": [-0.01987324096262455, -0.020114649087190628, 0.7110788822174072, 0.7025434970855713], "M3x4": [[-0.01207555178552866, -0.9999271631240845, 5.211475340161087e-08, -2.5096747875213623], [0.9983282089233398, -0.012056244537234306, -0.05652983859181404, 2.768934965133667], [0.056525714695453644, -0.0006825719610787928, 0.9984009265899658, 12.051066398620605]]}, {"imagefile": "0012.png", "location": [-3.4758059978485107, 0.8352572321891785, 11.87526798248291], "rotation": [-0.01987324096262455, -0.020114649087190628, 0.7110788822174072, 0.7025434970855713], "M3x4": [[-0.01207555178552866, -0.9999271631240845, 5.211475340161087e-08, -0.8771680593490601], [0.9983282089233398, -0.012056244537234306, -0.05652983859181404, 2.788618326187134], [0.056525714695453644, -0.0006825719610787928, 0.9984009265899658, 12.052180290222168]]}, {"imagefile": "0013.png", "location": [-3.4758059978485107, -1.11336088180542, 11.87526798248291], "rotation": [-0.01987324096262455, -0.020114649087190628, 0.7110788822174072, 0.7025434970855713], "M3x4": [[-0.01207555178552866, -0.9999271631240845, 5.211475340161087e-08, 1.0713081359863281], [0.9983282089233398, -0.012056244537234306, -0.05652983859181404, 2.8121111392974854], [0.056525714695453644, -0.0006825719610787928, 0.9984009265899658, 12.053510665893555]]}, {"imagefile": "0014.png", "location": [-3.4758059978485107, -2.745987892150879, 11.87526798248291], "rotation": [-0.01987324096262455, -0.020114649087190628, 0.7110788822174072, 0.7025434970855713], "M3x4": [[-0.01207555178552866, -0.9999271631240845, 5.211475340161087e-08, 2.7038161754608154], [0.9983282089233398, -0.012056244537234306, -0.05652983859181404, 2.831794500350952], [0.056525714695453644, -0.0006825719610787928, 0.9984009265899658, 12.054625511169434]]}, {"imagefile": "0015.png", "location": [-3.4758059978485107, -3.430635929107666, 11.87526798248291], "rotation": [-0.01987324096262455, -0.020114649087190628, 0.7110788822174072, 0.7025434970855713], "M3x4": [[-0.01207555178552866, -0.9999271631240845, 5.211475340161087e-08, 3.3884143829345703], [0.9983282089233398, -0.012056244537234306, -0.05652983859181404, 2.8400487899780273], [0.056525714695453644, -0.0006825719610787928, 0.9984009265899658, 12.055092811584473]]}]}