{"images": [{"imagefile": "0001.jpg", "location": [1.5167877674102783, -3.668308734893799, 7.0], "rotation": [-0.01987324096262455, -0.020114649087190628, 0.7110788822174072, 0.7025434970855713], "M3x4": [[-0.01207555178552866, -0.9999271631240845, 5.211475340161087e-08, 3.6863579750061035], [0.9983282089233398, -0.012056244537234306, -0.05652983859181404, -1.8657349348068237], [0.056525714695453644, -0.0006825719610787928, 0.9984009265899658, 6.905572891235352]]}, {"imagefile": "0002.jpg", "location": [1.5167877674102783, -3.655085563659668, 7.0], "rotation": [-0.01987324096262455, -0.020114649087190628, 0.7110788822174072, 0.7025434970855713], "M3x4": [[-0.01207555178552866, -0.9999271631240845, 5.211475340161087e-08, 3.673135757446289], [0.9983282089233398, -0.012056244537234306, -0.05652983859181404, -1.8658943176269531], [0.056525714695453644, -0.0006825719610787928, 0.9984009265899658, 6.905564308166504]]}, {"imagefile": "0003.jpg", "location": [1.5167877674102783, -3.616335153579712, 7.0], "rotation": [-0.01987324096262455, -0.020114649087190628, 0.7110788822174072, 0.7025434970855713], "M3x4": [[-0.01207555178552866, -0.9999271631240845, 5.211475340161087e-08, 3.6343882083892822], [0.9983282089233398, -0.012056244537234306, -0.05652983859181404, -1.8663614988327026], [0.056525714695453644, -0.0006825719610787928, 0.9984009265899658, 6.9055376052856445]]}, {"imagefile": "0004.jpg", "location": [1.5167877674102783, -3.5534379482269287, 7.0], "rotation": [-0.01987324096262455, -0.020114649087190628, 0.7110788822174072, 0.7025434970855713], "M3x4": [[-0.01207555178552866, -0.9999271631240845, 5.211475340161087e-08, 3.571495532989502], [0.9983282089233398, -0.012056244537234306, -0.05652983859181404, -1.8671197891235352], [0.056525714695453644, -0.0006825719610787928, 0.9984009265899658, 6.905494689941406]]}, {"imagefile": "0005.jpg", "location": [1.5167877674102783, -3.467773675918579, 7.0], "rotation": [-0.01987324096262455, -0.020114649087190628, 0.7110788822174072, 0.7025434970855713], "M3x4": [[-0.01207555178552866, -0.9999271631240845, 5.211475340161087e-08, 3.485837697982788], [0.9983282089233398, -0.012056244537234306, -0.05652983859181404, -1.8681526184082031], [0.056525714695453644, -0.0006825719610787928, 0.9984009265899658, 6.905436038970947]]}, {"imagefile": "0006.jpg", "location": [1.5167877674102783, -3.3607218265533447, 7.0], "rotation": [-0.01987324096262455, -0.020114649087190628, 0.7110788822174072, 0.7025434970855713], "M3x4": [[-0.01207555178552866, -0.9999271631240845, 5.211475340161087e-08, 3.378793478012085], [0.9983282089233398, -0.012056244537234306, -0.05652983859181404, -1.8694432973861694], [0.056525714695453644, -0.0006825719610787928, 0.9984009265899658, 6.905363082885742]]}, {"imagefile": "0007.jpg", "location": [1.5167877674102783, -3.2336623668670654, 7.0], "rotation": [-0.01987324096262455, -0.020114649087190628, 0.7110788822174072, 0.7025434970855713], "M3x4": [[-0.01207555178552866, -0.9999271631240845, 5.211475340161087e-08, 3.2517433166503906], [0.9983282089233398, -0.012056244537234306, -0.05652983859181404, -1.870975136756897], [0.056525714695453644, -0.0006825719610787928, 0.9984009265899658, 6.905276298522949]]}, {"imagefile": "0008.jpg", "location": [1.5167877674102783, -3.08797550201416, 7.0], "rotation": [-0.01987324096262455, -0.020114649087190628, 0.7110788822174072, 0.7025434970855713], "M3x4": [[-0.01207555178552866, -0.9999271631240845, 5.211475340161087e-08, 3.106067180633545], [0.9983282089233398, -0.012056244537234306, -0.05652983859181404, -1.8727315664291382], [0.056525714695453644, -0.0006825719610787928, 0.9984009265899658, 6.905177116394043]]}, {"imagefile": "0009.jpg", "location": [1.5167877674102783, -2.9250407218933105, 7.0], "rotation": [-0.01987324096262455, -0.020114649087190628, 0.7110788822174072, 0.7025434970855713], "M3x4": [[-0.01207555178552866, -0.9999271631240845, 5.211475340161087e-08, 2.9431440830230713], [0.9983282089233398, -0.012056244537234306, -0.05652983859181404, -1.874695897102356], [0.056525714695453644, -0.0006825719610787928, 0.9984009265899658, 6.905065536499023]]}, {"imagefile": "0010.jpg", "location": [1.5167877674102783, -2.7462377548217773, 7.0], "rotation": [-0.01987324096262455, -0.020114649087190628, 0.7110788822174072, 0.7025434970855713], "M3x4": [[-0.01207555178552866, -0.9999271631240845, 5.211475340161087e-08, 2.7643542289733887], [0.9983282089233398, -0.012056244537234306, -0.05652983859181404, -1.8768515586853027], [0.056525714695453644, -0.0006825719610787928, 0.9984009265899658, 6.904943943023682]]}, {"imagefile": "0011.jpg", "location": [1.5167877674102783, -2.5529468059539795, 7.0], "rotation": [-0.01987324096262455, -0.020114649087190628, 0.7110788822174072, 0.7025434970855713], "M3x4": [[-0.01207555178552866, -0.9999271631240845, 5.211475340161087e-08, 2.571077346801758], [0.9983282089233398, -0.012056244537234306, -0.05652983859181404, -1.879181981086731], [0.056525714695453644, -0.0006825719610787928, 0.9984009265899658, 6.904811859130859]]}, {"imagefile": "0012.jpg", "location": [1.5167877674102783, -2.3465471267700195, 7.0], "rotation": [-0.01987324096262455, -0.020114649087190628, 0.7110788822174072, 0.7025434970855713], "M3x4": [[-0.01207555178552866, -0.9999271631240845, 5.211475340161087e-08, 2.3646926879882812], [0.9983282089233398, -0.012056244537234306, -0.05652983859181404, -1.881670355796814], [0.056525714695453644, -0.0006825719610787928, 0.9984009265899658, 6.904670715332031]]}, {"imagefile": "0013.jpg", "location": [1.5167877674102783, -2.1284191608428955, 7.0], "rotation": [-0.01987324096262455, -0.020114649087190628, 0.7110788822174072, 0.7025434970855713], "M3x4": [[-0.01207555178552866, -0.9999271631240845, 5.211475340161087e-08, 2.146580696105957], [0.9983282089233398, -0.012056244537234306, -0.05652983859181404, -1.8843002319335938], [0.056525714695453644, -0.0006825719610787928, 0.9984009265899658, 6.904521942138672]]}, {"imagefile": "0014.jpg", "location": [1.5167877674102783, -1.8999426364898682, 7.0], "rotation": [-0.01987324096262455, -0.020114649087190628, 0.7110788822174072, 0.7025434970855713], "M3x4": [[-0.01207555178552866, -0.9999271631240845, 5.211475340161087e-08, 1.9181206226348877], [0.9983282089233398, -0.012056244537234306, -0.05652983859181404, -1.8870548009872437], [0.056525714695453644, -0.0006825719610787928, 0.9984009265899658, 6.9043660163879395]]}, {"imagefile": "0015.jpg", "location": [1.5167877674102783, -1.6624970436096191, 7.0], "rotation": [-0.01987324096262455, -0.020114649087190628, 0.7110788822174072, 0.7025434970855713], "M3x4": [[-0.01207555178552866, -0.9999271631240845, 5.211475340161087e-08, 1.6806923151016235], [0.9983282089233398, -0.012056244537234306, -0.05652983859181404, -1.8899174928665161], [0.056525714695453644, -0.0006825719610787928, 0.9984009265899658, 6.90420389175415]]}, {"imagefile": "0016.jpg", "location": [1.5167877674102783, -1.4174623489379883, 7.0], "rotation": [-0.01987324096262455, -0.020114649087190628, 0.7110788822174072, 0.7025434970855713], "M3x4": [[-0.01207555178552866, -0.9999271631240845, 5.211475340161087e-08, 1.4356755018234253], [0.9983282089233398, -0.012056244537234306, -0.05652983859181404, -1.892871618270874], [0.056525714695453644, -0.0006825719610787928, 0.9984009265899658, 6.904036521911621]]}, {"imagefile": "0017.jpg", "location": [1.5167877674102783, -1.1662182807922363, 7.0], "rotation": [-0.01987324096262455, -0.020114649087190628, 0.7110788822174072, 0.7025434970855713], "M3x4": [[-0.01207555178552866, -0.9999271631240845, 5.211475340161087e-08, 1.1844496726989746], [0.9983282089233398, -0.012056244537234306, -0.05652983859181404, -1.8959007263183594], [0.056525714695453644, -0.0006825719610787928, 0.9984009265899658, 6.903865337371826]]}, {"imagefile": "0018.jpg", "location": [1.5167877674102783, -0.9101448059082031, 7.0], "rotation": [-0.01987324096262455, -0.020114649087190628, 0.7110788822174072, 0.7025434970855713], "M3x4": [[-0.01207555178552866, -0.9999271631240845, 5.211475340161087e-08, 0.9283949136734009], [0.9983282089233398, -0.012056244537234306, -0.05652983859181404, -1.8989880084991455], [0.056525714695453644, -0.0006825719610787928, 0.9984009265899658, 6.903690338134766]]}, {"imagefile": "0019.jpg", "location": [1.5167877674102783, -0.6506222486495972, 7.0], "rotation": [-0.01987324096262455, -0.020114649087190628, 0.7110788822174072, 0.7025434970855713], "M3x4": [[-0.01207555178552866, -0.9999271631240845, 5.211475340161087e-08, 0.6688912510871887], [0.9983282089233398, -0.012056244537234306, -0.05652983859181404, -1.9021168947219849], [0.056525714695453644, -0.0006825719610787928, 0.9984009265899658, 6.903513431549072]]}, {"imagefile": "0020.jpg", "location": [1.5167877674102783, -0.38902974128723145, 7.0], "rotation": [-0.01987324096262455, -0.020114649087190628, 0.7110788822174072, 0.7025434970855713], "M3x4": [[-0.01207555178552866, -0.9999271631240845, 5.211475340161087e-08, 0.4073178172111511], [0.9983282089233398, -0.012056244537234306, -0.05652983859181404, -1.9052706956863403], [0.056525714695453644, -0.0006825719610787928, 0.9984009265899658, 6.903334617614746]]}, {"imagefile": "0021.jpg", "location": [1.5167877674102783, -0.1267470121383667, 7.0], "rotation": [-0.01987324096262455, -0.020114649087190628, 0.7110788822174072, 0.7025434970855713], "M3x4": [[-0.01207555178552866, -0.9999271631240845, 5.211475340161087e-08, 0.1450541913509369], [0.9983282089233398, -0.012056244537234306, -0.05652983859181404, -1.9084328413009644], [0.056525714695453644, -0.0006825719610787928, 0.9984009265899658, 6.90315580368042]]}, {"imagefile": "0022.jpg", "location": [1.5167877674102783, 0.13484597206115723, 7.0], "rotation": [-0.01987324096262455, -0.020114649087190628, 0.7110788822174072, 0.7025434970855713], "M3x4": [[-0.01207555178552866, -0.9999271631240845, 5.211475340161087e-08, -0.1165197417140007], [0.9983282089233398, -0.012056244537234306, -0.05652983859181404, -1.9115866422653198], [0.056525714695453644, -0.0006825719610787928, 0.9984009265899658, 6.902976989746094]]}, {"imagefile": "0023.jpg", "location": [1.5167877674102783, 0.39436888694763184, 7.0], "rotation": [-0.01987324096262455, -0.020114649087190628, 0.7110788822174072, 0.7025434970855713], "M3x4": [[-0.01207555178552866, -0.9999271631240845, 5.211475340161087e-08, -0.3760237395763397], [0.9983282089233398, -0.012056244537234306, -0.05652983859181404, -1.9147155284881592], [0.056525714695453644, -0.0006825719610787928, 0.9984009265899658, 6.9028000831604]]}, {"imagefile": "0024.jpg", "location": [1.5167877674102783, 0.6504421234130859, 7.0], "rotation": [-0.01987324096262455, -0.020114649087190628, 0.7110788822174072, 0.7025434970855713], "M3x4": [[-0.01207555178552866, -0.9999271631240845, 5.211475340161087e-08, -0.6320783495903015], [0.9983282089233398, -0.012056244537234306, -0.05652983859181404, -1.9178028106689453], [0.056525714695453644, -0.0006825719610787928, 0.9984009265899658, 6.90262508392334]]}, {"imagefile": "0025.jpg", "location": [1.5167877674102783, 0.9016859531402588, 7.0], "rotation": [-0.01987324096262455, -0.020114649087190628, 0.7110788822174072, 0.7025434970855713], "M3x4": [[-0.01207555178552866, -0.9999271631240845, 5.211475340161087e-08, -0.8833038806915283], [0.9983282089233398, -0.012056244537234306, -0.05652983859181404, -1.9208319187164307], [0.056525714695453644, -0.0006825719610787928, 0.9984009265899658, 6.902453899383545]]}, {"imagefile": "0026.jpg", "location": [1.5167877674102783, 1.1467211246490479, 7.0], "rotation": [-0.01987324096262455, -0.020114649087190628, 0.7110788822174072, 0.7025434970855713], "M3x4": [[-0.01207555178552866, -0.9999271631240845, 5.211475340161087e-08, -1.1283211708068848], [0.9983282089233398, -0.012056244537234306, -0.05652983859181404, -1.9237860441207886], [0.056525714695453644, -0.0006825719610787928, 0.9984009265899658, 6.902286529541016]]}, {"imagefile": "0027.jpg", "location": [1.5167877674102783, 1.3841657638549805, 7.0], "rotation": [-0.01987324096262455, -0.020114649087190628, 0.7110788822174072, 0.7025434970855713], "M3x4": [[-0.01207555178552866, -0.9999271631240845, 5.211475340161087e-08, -1.3657485246658325], [0.9983282089233398, -0.012056244537234306, -0.05652983859181404, -1.926648736000061], [0.056525714695453644, -0.0006825719610787928, 0.9984009265899658, 6.902124404907227]]}, {"imagefile": "0028.jpg", "location": [1.5167877674102783, 1.612642765045166, 7.0], "rotation": [-0.01987324096262455, -0.020114649087190628, 0.7110788822174072, 0.7025434970855713], "M3x4": [[-0.01207555178552866, -0.9999271631240845, 5.211475340161087e-08, -1.5942089557647705], [0.9983282089233398, -0.012056244537234306, -0.05652983859181404, -1.929403305053711], [0.056525714695453644, -0.0006825719610787928, 0.9984009265899658, 6.901968479156494]]}, {"imagefile": "0029.jpg", "location": [1.5167877674102783, 1.830770492553711, 7.0], "rotation": [-0.01987324096262455, -0.020114649087190628, 0.7110788822174072, 0.7025434970855713], "M3x4": [[-0.01207555178552866, -0.9999271631240845, 5.211475340161087e-08, -1.8123207092285156], [0.9983282089233398, -0.012056244537234306, -0.05652983859181404, -1.9320331811904907], [0.056525714695453644, -0.0006825719610787928, 0.9984009265899658, 6.901819705963135]]}, {"imagefile": "0030.jpg", "location": [1.5167877674102783, 2.037169933319092, 7.0], "rotation": [-0.01987324096262455, -0.020114649087190628, 0.7110788822174072, 0.7025434970855713], "M3x4": [[-0.01207555178552866, -0.9999271631240845, 5.211475340161087e-08, -2.018705129623413], [0.9983282089233398, -0.012056244537234306, -0.05652983859181404, -1.9345215559005737], [0.056525714695453644, -0.0006825719610787928, 0.9984009265899658, 6.901678562164307]]}, {"imagefile": "0031.jpg", "location": [1.5167877674102783, 2.230461597442627, 7.0], "rotation": [-0.01987324096262455, -0.020114649087190628, 0.7110788822174072, 0.7025434970855713], "M3x4": [[-0.01207555178552866, -0.9999271631240845, 5.211475340161087e-08, -2.2119827270507812], [0.9983282089233398, -0.012056244537234306, -0.05652983859181404, -1.9368518590927124], [0.056525714695453644, -0.0006825719610787928, 0.9984009265899658, 6.901546955108643]]}, {"imagefile": "0032.jpg", "location": [1.5167877674102783, 2.40926456451416, 7.0], "rotation": [-0.01987324096262455, -0.020114649087190628, 0.7110788822174072, 0.7025434970855713], "M3x4": [[-0.01207555178552866, -0.9999271631240845, 5.211475340161087e-08, -2.390772581100464], [0.9983282089233398, -0.012056244537234306, -0.05652983859181404, -1.9390076398849487], [0.056525714695453644, -0.0006825719610787928, 0.9984009265899658, 6.901424884796143]]}, {"imagefile": "0033.jpg", "location": [1.5167877674102783, 2.5721983909606934, 7.0], "rotation": [-0.01987324096262455, -0.020114649087190628, 0.7110788822174072, 0.7025434970855713], "M3x4": [[-0.01207555178552866, -0.9999271631240845, 5.211475340161087e-08, -2.553694486618042], [0.9983282089233398, -0.012056244537234306, -0.05652983859181404, -1.9409719705581665], [0.056525714695453644, -0.0006825719610787928, 0.9984009265899658, 6.901313304901123]]}, {"imagefile": "0034.jpg", "location": [1.5167877674102783, 2.7178869247436523, 7.0], "rotation": [-0.01987324096262455, -0.020114649087190628, 0.7110788822174072, 0.7025434970855713], "M3x4": [[-0.01207555178552866, -0.9999271631240845, 5.211475340161087e-08, -2.6993725299835205], [0.9983282089233398, -0.012056244537234306, -0.05652983859181404, -1.9427284002304077], [0.056525714695453644, -0.0006825719610787928, 0.9984009265899658, 6.901214122772217]]}, {"imagefile": "0035.jpg", "location": [1.5167877674102783, 2.8449459075927734, 7.0], "rotation": [-0.01987324096262455, -0.020114649087190628, 0.7110788822174072, 0.7025434970855713], "M3x4": [[-0.01207555178552866, -0.9999271631240845, 5.211475340161087e-08, -2.8264222145080566], [0.9983282089233398, -0.012056244537234306, -0.05652983859181404, -1.9442602396011353], [0.056525714695453644, -0.0006825719610787928, 0.9984009265899658, 6.901127338409424]]}, {"imagefile": "0036.jpg", "location": [1.5167877674102783, 2.951997756958008, 7.0], "rotation": [-0.01987324096262455, -0.020114649087190628, 0.7110788822174072, 0.7025434970855713], "M3x4": [[-0.01207555178552866, -0.9999271631240845, 5.211475340161087e-08, -2.9334661960601807], [0.9983282089233398, -0.012056244537234306, -0.05652983859181404, -1.9455509185791016], [0.056525714695453644, -0.0006825719610787928, 0.9984009265899658, 6.901054382324219]]}, {"imagefile": "0037.jpg", "location": [1.5167877674102783, 3.037661552429199, 7.0], "rotation": [-0.01987324096262455, -0.020114649087190628, 0.7110788822174072, 0.7025434970855713], "M3x4": [[-0.01207555178552866, -0.9999271631240845, 5.211475340161087e-08, -3.0191237926483154], [0.9983282089233398, -0.012056244537234306, -0.05652983859181404, -1.9465837478637695], [0.056525714695453644, -0.0006825719610787928, 0.9984009265899658, 6.90099573135376]]}, {"imagefile": "0038.jpg", "location": [1.5167877674102783, 3.1005592346191406, 7.0], "rotation": [-0.01987324096262455, -0.020114649087190628, 0.7110788822174072, 0.7025434970855713], "M3x4": [[-0.01207555178552866, -0.9999271631240845, 5.211475340161087e-08, -3.082016944885254], [0.9983282089233398, -0.012056244537234306, -0.05652983859181404, -1.947342038154602], [0.056525714695453644, -0.0006825719610787928, 0.9984009265899658, 6.9009528160095215]]}, {"imagefile": "0039.jpg", "location": [1.5167877674102783, 3.1393089294433594, 7.0], "rotation": [-0.01987324096262455, -0.020114649087190628, 0.7110788822174072, 0.7025434970855713], "M3x4": [[-0.01207555178552866, -0.9999271631240845, 5.211475340161087e-08, -3.1207637786865234], [0.9983282089233398, -0.012056244537234306, -0.05652983859181404, -1.9478092193603516], [0.056525714695453644, -0.0006825719610787928, 0.9984009265899658, 6.90092658996582]]}, {"imagefile": "0040.jpg", "location": [1.5167877674102783, 3.1525321006774902, 7.0], "rotation": [-0.01987324096262455, -0.020114649087190628, 0.7110788822174072, 0.7025434970855713], "M3x4": [[-0.01207555178552866, -0.9999271631240845, 5.211475340161087e-08, -3.133985996246338], [0.9983282089233398, -0.012056244537234306, -0.05652983859181404, -1.947968602180481], [0.056525714695453644, -0.0006825719610787928, 0.9984009265899658, 6.9009175300598145]]}, {"imagefile": "0041.jpg", "location": [1.507582664489746, 3.1525321006774902, 7.0], "rotation": [-0.01987324096262455, -0.020114649087190628, 0.7110788822174072, 0.7025434970855713], "M3x4": [[-0.01207555178552866, -0.9999271631240845, 5.211475340161087e-08, -3.1340973377227783], [0.9983282089233398, -0.012056244537234306, -0.05652983859181404, -1.9387788772583008], [0.056525714695453644, -0.0006825719610787928, 0.9984009265899658, 6.901437759399414]]}, {"imagefile": "0042.jpg", "location": [1.4805914163589478, 3.1525321006774902, 7.0], "rotation": [-0.01987324096262455, -0.020114649087190628, 0.7110788822174072, 0.7025434970855713], "M3x4": [[-0.01207555178552866, -0.9999271631240845, 5.211475340161087e-08, -3.13442325592041], [0.9983282089233398, -0.012056244537234306, -0.05652983859181404, -1.9118326902389526], [0.056525714695453644, -0.0006825719610787928, 0.9984009265899658, 6.902963638305664]]}, {"imagefile": "0043.jpg", "location": [1.4367501735687256, 3.1525321006774902, 7.0], "rotation": [-0.01987324096262455, -0.020114649087190628, 0.7110788822174072, 0.7025434970855713], "M3x4": [[-0.01207555178552866, -0.9999271631240845, 5.211475340161087e-08, -3.1349525451660156], [0.9983282089233398, -0.012056244537234306, -0.05652983859181404, -1.8680647611618042], [0.056525714695453644, -0.0006825719610787928, 0.9984009265899658, 6.905441761016846]]}, {"imagefile": "0044.jpg", "location": [1.3769950866699219, 3.1525321006774902, 7.0], "rotation": [-0.01987324096262455, -0.020114649087190628, 0.7110788822174072, 0.7025434970855713], "M3x4": [[-0.01207555178552866, -0.9999271631240845, 5.211475340161087e-08, -3.135674238204956], [0.9983282089233398, -0.012056244537234306, -0.05652983859181404, -1.808409571647644], [0.056525714695453644, -0.0006825719610787928, 0.9984009265899658, 6.908819198608398]]}, {"imagefile": "0045.jpg", "location": [1.3022621870040894, 3.1525321006774902, 7.0], "rotation": [-0.01987324096262455, -0.020114649087190628, 0.7110788822174072, 0.7025434970855713], "M3x4": [[-0.01207555178552866, -0.9999271631240845, 5.211475340161087e-08, -3.1365766525268555], [0.9983282089233398, -0.012056244537234306, -0.05652983859181404, -1.7338016033172607], [0.056525714695453644, -0.0006825719610787928, 0.9984009265899658, 6.91304349899292]]}, {"imagefile": "0046.jpg", "location": [1.2134876251220703, 3.1525321006774902, 7.0], "rotation": [-0.01987324096262455, -0.020114649087190628, 0.7110788822174072, 0.7025434970855713], "M3x4": [[-0.01207555178552866, -0.9999271631240845, 5.211475340161087e-08, -3.137648582458496], [0.9983282089233398, -0.012056244537234306, -0.05652983859181404, -1.6451754570007324], [0.056525714695453644, -0.0006825719610787928, 0.9984009265899658, 6.91806173324585]]}, {"imagefile": "0047.jpg", "location": [1.111607551574707, 3.1525321006774902, 7.0], "rotation": [-0.01987324096262455, -0.020114649087190628, 0.7110788822174072, 0.7025434970855713], "M3x4": [[-0.01207555178552866, -0.9999271631240845, 5.211475340161087e-08, -3.13887882232666], [0.9983282089233398, -0.012056244537234306, -0.05652983859181404, -1.5434657335281372], [0.056525714695453644, -0.0006825719610787928, 0.9984009265899658, 6.923820495605469]]}, {"imagefile": "0048.jpg", "location": [0.9975578784942627, 3.1525321006774902, 7.0], "rotation": [-0.01987324096262455, -0.020114649087190628, 0.7110788822174072, 0.7025434970855713], "M3x4": [[-0.01207555178552866, -0.9999271631240845, 5.211475340161087e-08, -3.14025616645813], [0.9983282089233398, -0.012056244537234306, -0.05652983859181404, -1.4296066761016846], [0.056525714695453644, -0.0006825719610787928, 0.9984009265899658, 6.930267333984375]]}, {"imagefile": "0049.jpg", "location": [0.8722749948501587, 3.1525321006774902, 7.0], "rotation": [-0.01987324096262455, -0.020114649087190628, 0.7110788822174072, 0.7025434970855713], "M3x4": [[-0.01207555178552866, -0.9999271631240845, 5.211475340161087e-08, -3.1417689323425293], [0.9983282089233398, -0.012056244537234306, -0.05652983859181404, -1.3045332431793213], [0.056525714695453644, -0.0006825719610787928, 0.9984009265899658, 6.93734884262085]]}, {"imagefile": "0050.jpg", "location": [0.7366948127746582, 3.1525321006774902, 7.0], "rotation": [-0.01987324096262455, -0.020114649087190628, 0.7110788822174072, 0.7025434970855713], "M3x4": [[-0.01207555178552866, -0.9999271631240845, 5.211475340161087e-08, -3.1434061527252197], [0.9983282089233398, -0.012056244537234306, -0.05652983859181404, -1.1691797971725464], [0.056525714695453644, -0.0006825719610787928, 0.9984009265899658, 6.94501256942749]]}, {"imagefile": "0051.jpg", "location": [0.5917536020278931, 3.1525321006774902, 7.0], "rotation": [-0.01987324096262455, -0.020114649087190628, 0.7110788822174072, 0.7025434970855713], "M3x4": [[-0.01207555178552866, -0.9999271631240845, 5.211475340161087e-08, -3.1451563835144043], [0.9983282089233398, -0.012056244537234306, -0.05652983859181404, -1.0244808197021484], [0.056525714695453644, -0.0006825719610787928, 0.9984009265899658, 6.953205585479736]]}, {"imagefile": "0052.jpg", "location": [0.4383874535560608, 3.1525321006774902, 7.0], "rotation": [-0.01987324096262455, -0.020114649087190628, 0.7110788822174072, 0.7025434970855713], "M3x4": [[-0.01207555178552866, -0.9999271631240845, 5.211475340161087e-08, -3.1470084190368652], [0.9983282089233398, -0.012056244537234306, -0.05652983859181404, -0.8713710904121399], [0.056525714695453644, -0.0006825719610787928, 0.9984009265899658, 6.961874961853027]]}, {"imagefile": "0053.jpg", "location": [0.27753230929374695, 3.1525321006774902, 7.0], "rotation": [-0.01987324096262455, -0.020114649087190628, 0.7110788822174072, 0.7025434970855713], "M3x4": [[-0.01207555178552866, -0.9999271631240845, 5.211475340161087e-08, -3.1489508152008057], [0.9983282089233398, -0.012056244537234306, -0.05652983859181404, -0.710784912109375], [0.056525714695453644, -0.0006825719610787928, 0.9984009265899658, 6.9709672927856445]]}, {"imagefile": "0054.jpg", "location": [0.11012434959411621, 3.1525321006774902, 7.0], "rotation": [-0.01987324096262455, -0.020114649087190628, 0.7110788822174072, 0.7025434970855713], "M3x4": [[-0.01207555178552866, -0.9999271631240845, 5.211475340161087e-08, -3.150972366333008], [0.9983282089233398, -0.012056244537234306, -0.05652983859181404, -0.5436568260192871], [0.056525714695453644, -0.0006825719610787928, 0.9984009265899658, 6.9804301261901855]]}, {"imagefile": "0055.jpg", "location": [-0.06290048360824585, 3.1525321006774902, 7.0], "rotation": [-0.01987324096262455, -0.020114649087190628, 0.7110788822174072, 0.7025434970855713], "M3x4": [[-0.01207555178552866, -0.9999271631240845, 5.211475340161087e-08, -3.153061628341675], [0.9983282089233398, -0.012056244537234306, -0.05652983859181404, -0.37092122435569763], [0.056525714695453644, -0.0006825719610787928, 0.9984009265899658, 6.99021053314209]]}, {"imagefile": "0056.jpg", "location": [-0.24060559272766113, 3.1525321006774902, 7.0], "rotation": [-0.01987324096262455, -0.020114649087190628, 0.7110788822174072, 0.7025434970855713], "M3x4": [[-0.01207555178552866, -0.9999271631240845, 5.211475340161087e-08, -3.155207633972168], [0.9983282089233398, -0.012056244537234306, -0.05652983859181404, -0.19351321458816528], [0.056525714695453644, -0.0006825719610787928, 0.9984009265899658, 7.000255107879639]]}, {"imagefile": "0057.jpg", "location": [-0.42205512523651123, 3.1525321006774902, 7.0], "rotation": [-0.01987324096262455, -0.020114649087190628, 0.7110788822174072, 0.7025434970855713], "M3x4": [[-0.01207555178552866, -0.9999271631240845, 5.211475340161087e-08, -3.1573987007141113], [0.9983282089233398, -0.012056244537234306, -0.05652983859181404, -0.01236703246831894], [0.056525714695453644, -0.0006825719610787928, 0.9984009265899658, 7.010511875152588]]}, {"imagefile": "0058.jpg", "location": [-0.606313169002533, 3.1525321006774902, 7.0], "rotation": [-0.01987324096262455, -0.020114649087190628, 0.7110788822174072, 0.7025434970855713], "M3x4": [[-0.01207555178552866, -0.9999271631240845, 5.211475340161087e-08, -3.159623622894287], [0.9983282089233398, -0.012056244537234306, -0.05652983859181404, 0.17158296704292297], [0.056525714695453644, -0.0006825719610787928, 0.9984009265899658, 7.0209269523620605]]}, {"imagefile": "0059.jpg", "location": [-0.7924431562423706, 3.1525321006774902, 7.0], "rotation": [-0.01987324096262455, -0.020114649087190628, 0.7110788822174072, 0.7025434970855713], "M3x4": [[-0.01207555178552866, -0.9999271631240845, 5.211475340161087e-08, -3.1618714332580566], [0.9983282089233398, -0.012056244537234306, -0.05652983859181404, 0.3574018180370331], [0.056525714695453644, -0.0006825719610787928, 0.9984009265899658, 7.0314483642578125]]}, {"imagefile": "0060.jpg", "location": [-0.9795095920562744, 3.1525321006774902, 7.0], "rotation": [-0.01987324096262455, -0.020114649087190628, 0.7110788822174072, 0.7025434970855713], "M3x4": [[-0.01207555178552866, -0.9999271631240845, 5.211475340161087e-08, -3.164130210876465], [0.9983282089233398, -0.012056244537234306, -0.05652983859181404, 0.5441555380821228], [0.056525714695453644, -0.0006825719610787928, 0.9984009265899658, 7.042022228240967]]}, {"imagefile": "0061.jpg", "location": [-1.16657555103302, 3.1525321006774902, 7.0], "rotation": [-0.01987324096262455, -0.020114649087190628, 0.7110788822174072, 0.7025434970855713], "M3x4": [[-0.01207555178552866, -0.9999271631240845, 5.211475340161087e-08, -3.166389226913452], [0.9983282089233398, -0.012056244537234306, -0.05652983859181404, 0.7309087514877319], [0.056525714695453644, -0.0006825719610787928, 0.9984009265899658, 7.052596569061279]]}, {"imagefile": "0062.jpg", "location": [-1.352705478668213, 3.1525321006774902, 7.0], "rotation": [-0.01987324096262455, -0.020114649087190628, 0.7110788822174072, 0.7025434970855713], "M3x4": [[-0.01207555178552866, -0.9999271631240845, 5.211475340161087e-08, -3.1686367988586426], [0.9983282089233398, -0.012056244537234306, -0.05652983859181404, 0.9167275428771973], [0.056525714695453644, -0.0006825719610787928, 0.9984009265899658, 7.063117504119873]]}, {"imagefile": "0063.jpg", "location": [-1.536963701248169, 3.1525321006774902, 7.0], "rotation": [-0.01987324096262455, -0.020114649087190628, 0.7110788822174072, 0.7025434970855713], "M3x4": [[-0.01207555178552866, -0.9999271631240845, 5.211475340161087e-08, -3.1708617210388184], [0.9983282089233398, -0.012056244537234306, -0.05652983859181404, 1.100677728652954], [0.056525714695453644, -0.0006825719610787928, 0.9984009265899658, 7.073533058166504]]}, {"imagefile": "0064.jpg", "location": [-1.7184131145477295, 3.1525321006774902, 7.0], "rotation": [-0.01987324096262455, -0.020114649087190628, 0.7110788822174072, 0.7025434970855713], "M3x4": [[-0.01207555178552866, -0.9999271631240845, 5.211475340161087e-08, -3.173053026199341], [0.9983282089233398, -0.012056244537234306, -0.05652983859181404, 1.281823754310608], [0.056525714695453644, -0.0006825719610787928, 0.9984009265899658, 7.083789348602295]]}, {"imagefile": "0065.jpg", "location": [-1.896118402481079, 3.1525321006774902, 7.0], "rotation": [-0.01987324096262455, -0.020114649087190628, 0.7110788822174072, 0.7025434970855713], "M3x4": [[-0.01207555178552866, -0.9999271631240845, 5.211475340161087e-08, -3.175198793411255], [0.9983282089233398, -0.012056244537234306, -0.05652983859181404, 1.459231972694397], [0.056525714695453644, -0.0006825719610787928, 0.9984009265899658, 7.093834400177002]]}, {"imagefile": "0066.jpg", "location": [-2.0691425800323486, 3.1525321006774902, 7.0], "rotation": [-0.01987324096262455, -0.020114649087190628, 0.7110788822174072, 0.7025434970855713], "M3x4": [[-0.01207555178552866, -0.9999271631240845, 5.211475340161087e-08, -3.177288293838501], [0.9983282089233398, -0.012056244537234306, -0.05652983859181404, 1.6319668292999268], [0.056525714695453644, -0.0006825719610787928, 0.9984009265899658, 7.103614807128906]]}, {"imagefile": "0067.jpg", "location": [-2.23655104637146, 3.1525321006774902, 7.0], "rotation": [-0.01987324096262455, -0.020114649087190628, 0.7110788822174072, 0.7025434970855713], "M3x4": [[-0.01207555178552866, -0.9999271631240845, 5.211475340161087e-08, -3.179309844970703], [0.9983282089233398, -0.012056244537234306, -0.05652983859181404, 1.7990953922271729], [0.056525714695453644, -0.0006825719610787928, 0.9984009265899658, 7.113077640533447]]}, {"imagefile": "0068.jpg", "location": [-2.3974056243896484, 3.1525321006774902, 7.0], "rotation": [-0.01987324096262455, -0.020114649087190628, 0.7110788822174072, 0.7025434970855713], "M3x4": [[-0.01207555178552866, -0.9999271631240845, 5.211475340161087e-08, -3.1812522411346436], [0.9983282089233398, -0.012056244537234306, -0.05652983859181404, 1.9596810340881348], [0.056525714695453644, -0.0006825719610787928, 0.9984009265899658, 7.1221699714660645]]}, {"imagefile": "0069.jpg", "location": [-2.550772190093994, 3.1525321006774902, 7.0], "rotation": [-0.01987324096262455, -0.020114649087190628, 0.7110788822174072, 0.7025434970855713], "M3x4": [[-0.01207555178552866, -0.9999271631240845, 5.211475340161087e-08, -3.1831040382385254], [0.9983282089233398, -0.012056244537234306, -0.05652983859181404, 2.1127912998199463], [0.056525714695453644, -0.0006825719610787928, 0.9984009265899658, 7.1308393478393555]]}, {"imagefile": "0070.jpg", "location": [-2.6957144737243652, 3.1525321006774902, 7.0], "rotation": [-0.01987324096262455, -0.020114649087190628, 0.7110788822174072, 0.7025434970855713], "M3x4": [[-0.01207555178552866, -0.9999271631240845, 5.211475340161087e-08, -3.18485426902771], [0.9983282089233398, -0.012056244537234306, -0.05652983859181404, 2.25749135017395], [0.056525714695453644, -0.0006825719610787928, 0.9984009265899658, 7.139031887054443]]}, {"imagefile": "0071.jpg", "location": [-2.831294059753418, 3.1525321006774902, 7.0], "rotation": [-0.01987324096262455, -0.020114649087190628, 0.7110788822174072, 0.7025434970855713], "M3x4": [[-0.01207555178552866, -0.9999271631240845, 5.211475340161087e-08, -3.1864914894104004], [0.9983282089233398, -0.012056244537234306, -0.05652983859181404, 2.3928442001342773], [0.056525714695453644, -0.0006825719610787928, 0.9984009265899658, 7.146695613861084]]}, {"imagefile": "0072.jpg", "location": [-2.9565773010253906, 3.1525321006774902, 7.0], "rotation": [-0.01987324096262455, -0.020114649087190628, 0.7110788822174072, 0.7025434970855713], "M3x4": [[-0.01207555178552866, -0.9999271631240845, 5.211475340161087e-08, -3.188004493713379], [0.9983282089233398, -0.012056244537234306, -0.05652983859181404, 2.5179178714752197], [0.056525714695453644, -0.0006825719610787928, 0.9984009265899658, 7.153777599334717]]}, {"imagefile": "0073.jpg", "location": [-3.0706262588500977, 3.1525321006774902, 7.0], "rotation": [-0.01987324096262455, -0.020114649087190628, 0.7110788822174072, 0.7025434970855713], "M3x4": [[-0.01207555178552866, -0.9999271631240845, 5.211475340161087e-08, -3.1893815994262695], [0.9983282089233398, -0.012056244537234306, -0.05652983859181404, 2.6317763328552246], [0.056525714695453644, -0.0006825719610787928, 0.9984009265899658, 7.160224437713623]]}, {"imagefile": "0074.jpg", "location": [-3.172506332397461, 3.1525321006774902, 7.0], "rotation": [-0.01987324096262455, -0.020114649087190628, 0.7110788822174072, 0.7025434970855713], "M3x4": [[-0.01207555178552866, -0.9999271631240845, 5.211475340161087e-08, -3.1906118392944336], [0.9983282089233398, -0.012056244537234306, -0.05652983859181404, 2.7334859371185303], [0.056525714695453644, -0.0006825719610787928, 0.9984009265899658, 7.165983200073242]]}, {"imagefile": "0075.jpg", "location": [-3.261280059814453, 3.1525321006774902, 7.0], "rotation": [-0.01987324096262455, -0.020114649087190628, 0.7110788822174072, 0.7025434970855713], "M3x4": [[-0.01207555178552866, -0.9999271631240845, 5.211475340161087e-08, -3.1916840076446533], [0.9983282089233398, -0.012056244537234306, -0.05652983859181404, 2.8221113681793213], [0.056525714695453644, -0.0006825719610787928, 0.9984009265899658, 7.171000957489014]]}, {"imagefile": "0076.jpg", "location": [-3.3360137939453125, 3.1525321006774902, 7.0], "rotation": [-0.01987324096262455, -0.020114649087190628, 0.7110788822174072, 0.7025434970855713], "M3x4": [[-0.01207555178552866, -0.9999271631240845, 5.211475340161087e-08, -3.1925864219665527], [0.9983282089233398, -0.012056244537234306, -0.05652983859181404, 2.8967201709747314], [0.056525714695453644, -0.0006825719610787928, 0.9984009265899658, 7.175225257873535]]}, {"imagefile": "0077.jpg", "location": [-3.395768642425537, 3.1525321006774902, 7.0], "rotation": [-0.01987324096262455, -0.020114649087190628, 0.7110788822174072, 0.7025434970855713], "M3x4": [[-0.01207555178552866, -0.9999271631240845, 5.211475340161087e-08, -3.193307876586914], [0.9983282089233398, -0.012056244537234306, -0.05652983859181404, 2.9563751220703125], [0.056525714695453644, -0.0006825719610787928, 0.9984009265899658, 7.178603172302246]]}, {"imagefile": "0078.jpg", "location": [-3.439610481262207, 3.1525321006774902, 7.0], "rotation": [-0.01987324096262455, -0.020114649087190628, 0.7110788822174072, 0.7025434970855713], "M3x4": [[-0.01207555178552866, -0.9999271631240845, 5.211475340161087e-08, -3.1938374042510986], [0.9983282089233398, -0.012056244537234306, -0.05652983859181404, 3.000143527984619], [0.056525714695453644, -0.0006825719610787928, 0.9984009265899658, 7.181081295013428]]}, {"imagefile": "0079.jpg", "location": [-3.4666013717651367, 3.1525321006774902, 7.0], "rotation": [-0.01987324096262455, -0.020114649087190628, 0.7110788822174072, 0.7025434970855713], "M3x4": [[-0.01207555178552866, -0.9999271631240845, 5.211475340161087e-08, -3.1941633224487305], [0.9983282089233398, -0.012056244537234306, -0.05652983859181404, 3.0270893573760986], [0.056525714695453644, -0.0006825719610787928, 0.9984009265899658, 7.182607173919678]]}, {"imagefile": "0080.jpg", "location": [-3.4758059978485107, 3.1525321006774902, 7.0], "rotation": [-0.01987324096262455, -0.020114649087190628, 0.7110788822174072, 0.7025434970855713], "M3x4": [[-0.01207555178552866, -0.9999271631240845, 5.211475340161087e-08, -3.194274425506592], [0.9983282089233398, -0.012056244537234306, -0.05652983859181404, 3.03627872467041], [0.056525714695453644, -0.0006825719610787928, 0.9984009265899658, 7.183127403259277]]}, {"imagefile": "0081.jpg", "location": [-3.4758059978485107, 3.140828847885132, 7.0], "rotation": [-0.01987324096262455, -0.020114649087190628, 0.7110788822174072, 0.7025434970855713], "M3x4": [[-0.01207555178552866, -0.9999271631240845, 5.211475340161087e-08, -3.1825718879699707], [0.9983282089233398, -0.012056244537234306, -0.05652983859181404, 3.0364198684692383], [0.056525714695453644, -0.0006825719610787928, 0.9984009265899658, 7.183135509490967]]}, {"imagefile": "0082.jpg", "location": [-3.4758059978485107, 3.1064975261688232, 7.0], "rotation": [-0.01987324096262455, -0.020114649087190628, 0.7110788822174072, 0.7025434970855713], "M3x4": [[-0.01207555178552866, -0.9999271631240845, 5.211475340161087e-08, -3.1482431888580322], [0.9983282089233398, -0.012056244537234306, -0.05652983859181404, 3.0368337631225586], [0.056525714695453644, -0.0006825719610787928, 0.9984009265899658, 7.183158874511719]]}, {"imagefile": "0083.jpg", "location": [-3.4758059978485107, 3.050705671310425, 7.0], "rotation": [-0.01987324096262455, -0.020114649087190628, 0.7110788822174072, 0.7025434970855713], "M3x4": [[-0.01207555178552866, -0.9999271631240845, 5.211475340161087e-08, -3.0924553871154785], [0.9983282089233398, -0.012056244537234306, -0.05652983859181404, 3.037506341934204], [0.056525714695453644, -0.0006825719610787928, 0.9984009265899658, 7.183197021484375]]}, {"imagefile": "0084.jpg", "location": [-3.4758059978485107, 2.9746205806732178, 7.0], "rotation": [-0.01987324096262455, -0.020114649087190628, 0.7110788822174072, 0.7025434970855713], "M3x4": [[-0.01207555178552866, -0.9999271631240845, 5.211475340161087e-08, -3.016375780105591], [0.9983282089233398, -0.012056244537234306, -0.05652983859181404, 3.038423538208008], [0.056525714695453644, -0.0006825719610787928, 0.9984009265899658, 7.183248519897461]]}, {"imagefile": "0085.jpg", "location": [-3.4758059978485107, 2.8794100284576416, 7.0], "rotation": [-0.01987324096262455, -0.020114649087190628, 0.7110788822174072, 0.7025434970855713], "M3x4": [[-0.01207555178552866, -0.9999271631240845, 5.211475340161087e-08, -2.9211721420288086], [0.9983282089233398, -0.012056244537234306, -0.05652983859181404, 3.039571523666382], [0.056525714695453644, -0.0006825719610787928, 0.9984009265899658, 7.183313846588135]]}, {"imagefile": "0086.jpg", "location": [-3.4758059978485107, 2.7662410736083984, 7.0], "rotation": [-0.01987324096262455, -0.020114649087190628, 0.7110788822174072, 0.7025434970855713], "M3x4": [[-0.01207555178552866, -0.9999271631240845, 5.211475340161087e-08, -2.808011531829834], [0.9983282089233398, -0.012056244537234306, -0.05652983859181404, 3.04093599319458], [0.056525714695453644, -0.0006825719610787928, 0.9984009265899658, 7.183391094207764]]}, {"imagefile": "0087.jpg", "location": [-3.4758059978485107, 2.636281728744507, 7.0], "rotation": [-0.01987324096262455, -0.020114649087190628, 0.7110788822174072, 0.7025434970855713], "M3x4": [[-0.01207555178552866, -0.9999271631240845, 5.211475340161087e-08, -2.6780617237091064], [0.9983282089233398, -0.012056244537234306, -0.05652983859181404, 3.0425026416778564], [0.056525714695453644, -0.0006825719610787928, 0.9984009265899658, 7.1834797859191895]]}, {"imagefile": "0088.jpg", "location": [-3.4758059978485107, 2.490699291229248, 7.0], "rotation": [-0.01987324096262455, -0.020114649087