{
  "images": [
    {
      "imagefile": "DSC00539.JPG",
      "M3x4": [
        [
          0.99957162737454619, -0.029213101071904845, -0.0017767848872607265,
          -1.63257
        ],
        [
          0.029178947709096747, 0.99943123495577524, -0.016905509671209549,
          -11.829400000000001
        ],
        [
          0.0022696363943865471, 0.016846423134191831, 0.99985551303366915,
          -1.6957999999999998
        ]
      ]
    },
    {
      "imagefile": "DSC00540.JPG",
      "M3x4": [
        [
          0.99868002484731533, -0.048545455383269535, 0.01677932649456718,
          -1.28344
        ],
        [
          0.051184162982753016, 0.96786622996271188, -0.24620138016680304,
          -11.353399999999999
        ],
        [
          -0.0042881809354636214, 0.24673523643353959, 0.96907342998349144,
          -4.40036
        ]
      ]
    },
    {
      "imagefile": "DSC00541.JPG",
      "M3x4": [
        [
          0.98364358060897394, -0.0800969918099627, -0.16133749792138763,
          -0.6551490000000002
        ],
        [
          0.058051237457697032, 0.98886822194405533, -0.13700255570069719,
          -10.398099999999998
        ],
        [
          0.17051501447722736, 0.12539584658945976, 0.97734360659679731,
          -2.5797199999999996
        ]
      ]
    },
    {
      "imagefile": "DSC00542.JPG",
      "M3x4": [
        [
          0.98892675774394156, -0.14835873118222559, 0.0036791664014412342,
          0.35522700000000029
        ],
        [
          0.148402426974221, 0.98848401513988127, -0.029598180845785665,
          -8.91491
        ],
        [
          0.000754355069164137, 0.029816430423827627, 0.99955510637710987,
          -0.66796000000000011
        ]
      ]
    }
  ]
}
