{
  "images": [
    {
      "imagefile": "DSC02958.JPG",
      "M3x4": [
        [
          0.99929342456368275, -0.0375680511321372, 0.0011371704381674967,
          -1.1038499999999998
        ],
        [
          0.037558998101360444, 0.9992688730726812, 0.0071442962085219034,
          -0.18708799999999998
        ],
        [
          -0.0014047363077530407, -0.0070965372419386956, 0.99997383259514872,
          2.64383
        ]
      ]
    },
    {
      "imagefile": "DSC02959.JPG",
      "M3x4": [
        [
          0.99890559916637511, -0.042691169983059073, 0.019106733058537516,
          -0.82366800000000018
        ],
        [
          0.042624161785911746, 0.9990835619183549, 0.0039008384850283992,
          0.00816702
        ],
        [
          -0.019255754328020385, -0.0030821606569764043, 0.9998098399632489,
          4.30322
        ]
      ]
    },
    {
      "imagefile": "DSC02960.JPG",
      "M3x4": [
        [
          0.99883199757783947, -0.045275356422491531, 0.016875483719596872,
          -0.6228
        ],
        [
          0.045325689621159217, 0.99896884773111616, -0.0026119816272580109,
          0.13223600000000002
        ],
        [
          -0.016739824082718572, 0.0033738240130670267, 0.99985418712217355,
          5.8158899999999987
        ]
      ]
    },
    {
      "imagefile": "DSC02961.JPG",
      "M3x4": [
        [
          0.99921727101523827, -0.037403703133385043, 0.012876601948916247,
          -0.354884
        ],
        [
          0.037301128596408571, 0.99927111094947141, 0.008116113961227224,
          0.251475
        ],
        [
          -0.013170789318618011, -0.0076294490172645404, 0.99988415409306253,
          5.8843
        ]
      ]
    },
    {
      "imagefile": "DSC02962.JPG",
      "M3x4": [
        [
          0.99945799403322821, -0.02733403606895711, 0.018345791234762848,
          -0.00570804999999999
        ],
        [
          0.027446693522198695, 0.99960575439628574, -0.0059172942475047849,
          0.212193
        ],
        [
          -0.018176814862539751, 0.0064176186154997249, 0.999814191424682,
          5.7716400000000005
        ]
      ]
    },
    {
      "imagefile": "DSC02963.JPG",
      "M3x4": [
        [
          0.99893416175062577, -0.00092806805478813724, 0.046148461183897919,
          0.513918
        ],
        [
          0.0015701727490457082, 0.99990244096314929, -0.013879597680374502,
          0.32333800000000013
        ],
        [
          -0.04613107778379133, 0.013937265295479768, 0.99883816392215052,
          1.92202
        ]
      ]
    }
  ]
}
